 written on 26Sep2026 at 12:00:00 
           2
          43
    3    2    1    1    2    3    1    1    1    1    1    3    1    1    1
    1    1    1    2    1    1    1    1    1    2    1    1    1    1    1
    1    3    1    1    1    1    1    3    2    1    1    2    3
   -4    2    0    1    1    0.000000    0.000000
   -4    2    0    2    1    0.000000    0.000000
   -4    2    0    1    2    0.000000    0.000000
   -4    2    0    2    2    0.000000    0.000000
   -3    0    0    1    1    0.000000    0.000000
   -3    0    0    2    1    0.000000    0.000000
   -3    0    0    1    2    0.000000    0.000000
   -3    0    0    2    2    0.000000    0.000000
   -3    1    0    1    1    0.000000    0.000000
   -3    1    0    2    1    0.000000    0.000000
   -3    1    0    1    2    0.000000    0.000000
   -3    1    0    2    2    0.000000    0.000000
   -3    2    0    1    1    0.000000    0.000000
   -3    2    0    2    1    0.000000    0.000000
   -3    2    0    1    2    0.000000    0.000000
   -3    2    0    2    2    0.000000    0.000000
   -3    3    0    1    1    0.000000    0.000000
   -3    3    0    2    1    0.000000    0.000000
   -3    3    0    1    2    0.000000    0.000000
   -3    3    0    2    2    0.000000    0.000000
   -2   -2    0    1    1    0.000000    0.000000
   -2   -2    0    2    1    0.000000    0.000000
   -2   -2    0    1    2    0.000000    0.000000
   -2   -2    0    2    2    0.000000    0.000000
   -2   -1    0    1    1    0.000000    0.000000
   -2   -1    0    2    1    0.000000    0.000000
   -2   -1    0    1    2    0.000000    0.000000
   -2   -1    0    2    2    0.000000    0.000000
   -2    0    0    1    1    0.000000    0.000000
   -2    0    0    2    1    0.000000    0.000000
   -2    0    0    1    2    0.000000    0.000000
   -2    0    0    2    2    0.000000    0.000000
   -2    1    0    1    1    0.000000    0.000000
   -2    1    0    2    1    0.000000    0.000000
   -2    1    0    1    2    0.000000    0.000000
   -2    1    0    2    2    0.000000    0.000000
   -2    2    0    1    1    0.000000    0.000000
   -2    2    0    2    1    0.000000    0.000000
   -2    2    0    1    2    0.000000    0.000000
   -2    2    0    2    2    0.000000    0.000000
   -2    3    0    1    1    0.000000    0.000000
   -2    3    0    2    1    0.000000    0.000000
   -2    3    0    1    2    0.000000    0.000000
   -2    3    0    2    2    0.000000    0.000000
   -2    4    0    1    1    0.000000    0.000000
   -2    4    0    2    1    0.000000    0.000000
   -2    4    0    1    2    0.000000    0.000000
   -2    4    0    2    2    0.000000    0.000000
   -1   -2    0    1    1    0.000000    0.000000
   -1   -2    0    2    1    0.000000    0.000000
   -1   -2    0    1    2    0.000000    0.000000
   -1   -2    0    2    2    0.000000    0.000000
   -1   -1    0    1    1    0.000000    0.000000
   -1   -1    0    2    1    0.000000    0.000000
   -1   -1    0    1    2   -0.270000    0.000000
   -1   -1    0    2    2    0.000000    0.000000
   -1    0    0    1    1    0.240000    0.000000
   -1    0    0    2    1    0.000000    0.000000
   -1    0    0    1    2   -2.890000    0.000000
   -1    0    0    2    2    0.240000    0.000000
   -1    1    0    1    1    0.240000    0.000000
   -1    1    0    2    1   -0.270000    0.000000
   -1    1    0    1    2   -0.270000    0.000000
   -1    1    0    2    2    0.240000    0.000000
   -1    2    0    1    1    0.000000    0.000000
   -1    2    0    2    1    0.000000    0.000000
   -1    2    0    1    2    0.000000    0.000000
   -1    2    0    2    2    0.000000    0.000000
   -1    3    0    1    1    0.000000    0.000000
   -1    3    0    2    1    0.000000    0.000000
   -1    3    0    1    2    0.000000    0.000000
   -1    3    0    2    2    0.000000    0.000000
    0   -3    0    1    1    0.000000    0.000000
    0   -3    0    2    1    0.000000    0.000000
    0   -3    0    1    2    0.000000    0.000000
    0   -3    0    2    2    0.000000    0.000000
    0   -2    0    1    1    0.000000    0.000000
    0   -2    0    2    1    0.000000    0.000000
    0   -2    0    1    2    0.000000    0.000000
    0   -2    0    2    2    0.000000    0.000000
    0   -1    0    1    1    0.240000    0.000000
    0   -1    0    2    1    0.000000    0.000000
    0   -1    0    1    2   -2.890000    0.000000
    0   -1    0    2    2    0.240000    0.000000
    0    0    0    1    1    0.000000    0.000000
    0    0    0    2    1   -2.890000    0.000000
    0    0    0    1    2   -2.890000    0.000000
    0    0    0    2    2    0.000000    0.000000
    0    1    0    1    1    0.240000    0.000000
    0    1    0    2    1   -2.890000    0.000000
    0    1    0    1    2    0.000000    0.000000
    0    1    0    2    2    0.240000    0.000000
    0    2    0    1    1    0.000000    0.000000
    0    2    0    2    1    0.000000    0.000000
    0    2    0    1    2    0.000000    0.000000
    0    2    0    2    2    0.000000    0.000000
    0    3    0    1    1    0.000000    0.000000
    0    3    0    2    1    0.000000    0.000000
    0    3    0    1    2    0.000000    0.000000
    0    3    0    2    2    0.000000    0.000000
    1   -3    0    1    1    0.000000    0.000000
    1   -3    0    2    1    0.000000    0.000000
    1   -3    0    1    2    0.000000    0.000000
    1   -3    0    2    2    0.000000    0.000000
    1   -2    0    1    1    0.000000    0.000000
    1   -2    0    2    1    0.000000    0.000000
    1   -2    0    1    2    0.000000    0.000000
    1   -2    0    2    2    0.000000    0.000000
    1   -1    0    1    1    0.240000    0.000000
    1   -1    0    2    1   -0.270000    0.000000
    1   -1    0    1    2   -0.270000    0.000000
    1   -1    0    2    2    0.240000    0.000000
    1    0    0    1    1    0.240000    0.000000
    1    0    0    2    1   -2.890000    0.000000
    1    0    0    1    2    0.000000    0.000000
    1    0    0    2    2    0.240000    0.000000
    1    1    0    1    1    0.000000    0.000000
    1    1    0    2    1   -0.270000    0.000000
    1    1    0    1    2    0.000000    0.000000
    1    1    0    2    2    0.000000    0.000000
    1    2    0    1    1    0.000000    0.000000
    1    2    0    2    1    0.000000    0.000000
    1    2    0    1    2    0.000000    0.000000
    1    2    0    2    2    0.000000    0.000000
    2   -4    0    1    1    0.000000    0.000000
    2   -4    0    2    1    0.000000    0.000000
    2   -4    0    1    2    0.000000    0.000000
    2   -4    0    2    2    0.000000    0.000000
    2   -3    0    1    1    0.000000    0.000000
    2   -3    0    2    1    0.000000    0.000000
    2   -3    0    1    2    0.000000    0.000000
    2   -3    0    2    2    0.000000    0.000000
    2   -2    0    1    1    0.000000    0.000000
    2   -2    0    2    1    0.000000    0.000000
    2   -2    0    1    2    0.000000    0.000000
    2   -2    0    2    2    0.000000    0.000000
    2   -1    0    1    1    0.000000    0.000000
    2   -1    0    2    1    0.000000    0.000000
    2   -1    0    1    2    0.000000    0.000000
    2   -1    0    2    2    0.000000    0.000000
    2    0    0    1    1    0.000000    0.000000
    2    0    0    2    1    0.000000    0.000000
    2    0    0    1    2    0.000000    0.000000
    2    0    0    2    2    0.000000    0.000000
    2    1    0    1    1    0.000000    0.000000
    2    1    0    2    1    0.000000    0.000000
    2    1    0    1    2    0.000000    0.000000
    2    1    0    2    2    0.000000    0.000000
    2    2    0    1    1    0.000000    0.000000
    2    2    0    2    1    0.000000    0.000000
    2    2    0    1    2    0.000000    0.000000
    2    2    0    2    2    0.000000    0.000000
    3   -3    0    1    1    0.000000    0.000000
    3   -3    0    2    1    0.000000    0.000000
    3   -3    0    1    2    0.000000    0.000000
    3   -3    0    2    2    0.000000    0.000000
    3   -2    0    1    1    0.000000    0.000000
    3   -2    0    2    1    0.000000    0.000000
    3   -2    0    1    2    0.000000    0.000000
    3   -2    0    2    2    0.000000    0.000000
    3   -1    0    1    1    0.000000    0.000000
    3   -1    0    2    1    0.000000    0.000000
    3   -1    0    1    2    0.000000    0.000000
    3   -1    0    2    2    0.000000    0.000000
    3    0    0    1    1    0.000000    0.000000
    3    0    0    2    1    0.000000    0.000000
    3    0    0    1    2    0.000000    0.000000
    3    0    0    2    2    0.000000    0.000000
    4   -2    0    1    1    0.000000    0.000000
    4   -2    0    2    1    0.000000    0.000000
    4   -2    0    1    2    0.000000    0.000000
    4   -2    0    2    2    0.000000    0.000000
